2272	764	15
0.4999999701976776	1.0000001192092896	0.9999999403953552	0.9571876525878906	0.4460643529891968	1.0	2	0.0	9	0.0	3	-0.02125655673444271	0.9729263782501221	0.2301356941461563	-8.290540426969528e-05	-0.23018941283226013	0.9731458425521851	0.9997740983963013	0.02066665142774582	0.004973695147782564
1.0	1.3260416984558105	-0.3321974277496338	0.9550991654396057	0.4468257427215576	1.0	2	0.0	3	0.0	0	-0.02125655673444271	0.9729263782501221	0.2301356941461563	-8.290508412756026e-05	-0.23018944263458252	0.9731459021568298	0.9997740387916565	0.02066664956510067	0.004973694682121277
0.5	1.3260416984558105	-0.37838008999824524	0.9550307989120483	0.44606417417526245	1.0	2	0.0	6	0.0	3	-0.02125655673444271	0.9729263782501221	0.2301356941461563	-8.290477126138285e-05	-0.23018944263458252	0.9731459021568298	0.9997740387916565	0.02066664956510067	0.004973694682121277
1.0	-1.0000001192092896	-0.9999999403953552	0.9638189077377319	0.43234574794769287	0.8867743534984763	2	0.11322486254255203	1	7.839589716201595e-07	6	0.7766221165657043	-0.629966676235199	3.5848415791406296e-08	-0.629966676235199	-0.7766221761703491	-5.701442205463536e-05	3.5945031413575634e-05	4.425608494784683e-05	-1.0
1.523718237876892	-0.35436078906059265	0.3543608486652374	0.9625529646873474	0.43028342723846436	0.7791824065162262	2	0.19255195408063525	1	0.02826563940313856	3	0.7766221165657043	-0.629966676235199	3.5848415791406296e-08	-0.629966676235199	-0.7766222357749939	-5.7014429330592975e-05	3.5945031413575634e-05	4.425608494784683e-05	-1.0
1.0	-0.9999999403953552	1.0000001192092896	0.9638189077377319	0.4293001890182495	0.503984869894458	2	0.4913978955381931	1	0.004617234567348901	3	0.7766221165657043	-0.629966676235199	3.5848415791406296e-08	-0.629966676235199	-0.7766221761703491	-5.701442569261417e-05	3.5945031413575634e-05	4.425608494784683e-05	-1.0
1.0	1.0000001192092896	0.9999999403953552	0.9736437797546387	0.43532824516296387	0.9939075251394315	2	0.006092474860568522	1	0.0	9	0.2801424562931061	0.7828367352485657	-0.555595874786377	-0.8209697008132935	-0.10458619892597198	-0.5613115429878235	-0.49752289056777954	0.6133745312690735	0.6133861541748047
1.8040919303894043	0.42244887351989746	0.5916670560836792	0.9730796217918396	0.4337981939315796	0.9389033709439829	2	0.061096629056017114	1	0.0	12	0.2801424562931061	0.7828367352485657	-0.555595874786377	-0.8209697008132935	-0.10458619147539139	-0.5613115429878235	-0.49752289056777954	0.6133745312690735	0.6133861541748047
1.523718237876892	0.3543608486652374	0.35436078906059265	0.9736437797546387	0.43372535705566406	0.9363801109510432	2	0.06361988904895678	1	0.0	12	0.2801424562931061	0.7828367352485657	-0.555595874786377	-0.8209696412086487	-0.10458619892597198	-0.5613115429878235	-0.4975229799747467	0.6133745312690735	0.6133862137794495
0.4807747006416321	-0.8779082894325256	-1.0471209287643433	0.9664347767829895	0.42919957637786865	0.9135861380548961	2	0.08641079704046407	1	3.0649046398605055e-06	3	0.0	0.680205225944519	-0.7330217957496643	-1.0	0.0	0.0	0.0	0.7330217957496643	0.680205225944519
0.0	-1.075036644935608	-1.2300455570220947	0.9671669006347656	0.42879003286361694	0.8466566033536008	2	0.1219956461194389	1	0.03134775052696024	0	0.0	0.680205225944519	-0.7330217957496643	-1.0	0.0	0.0	0.0	0.7330217957496643	0.680205225944519
0.0	-0.8779082894325256	-1.0471209287643433	0.9671669006347656	0.42919957637786865	0.8718944343773176	2	0.12809416655969158	1	1.139906299079295e-05	3	0.0	0.680205225944519	-0.7330217957496643	-1.0	0.0	0.0	0.0	0.7330217957496643	0.680205225944519
0.868812620639801	-1.8391460180282593	1.1640336513519287	0.07055434584617615	0.44772565364837646	0.796065413623004	1	0.1794609830089718	0	0.02447360336802426	2	0.4899238049983978	0.36965736746788025	0.7895113825798035	0.7765339612960815	0.2265421748161316	-0.5879401564598083	-0.3961940407752991	0.9011282920837402	-0.17606309056282043
0.4867081940174103	-1.1517693996429443	1.0793081521987915	0.07035058736801147	0.44947898387908936	0.6399564220912415	1	0.32890572214923447	2	0.031137855759524068	3	0.4899238049983978	0.36965736746788025	0.7895113825798035	0.7765339612960815	0.2265421748161316	-0.5879401564598083	-0.3961940407752991	0.9011282920837402	-0.17606309056282043
0.8286726474761963	-1.9298287630081177	1.231400728225708	0.07035058736801147	0.44755232334136963	0.7980408724726369	1	0.19601411633507815	0	0.0059450111922849215	2	0.4899238049983978	0.36965736746788025	0.7895113825798035	0.7765339016914368	0.2265421450138092	-0.5879401564598083	-0.3961940109729767	0.9011282324790955	-0.17606310546398163
1.5924365520477295	-0.1373990923166275	0.23465271294116974	0.9711818695068359	0.4498685598373413	0.8619436134171019	2	0.1370243682963493	1	0.0010320182865487728	3	0.9932631850242615	0.0	-0.1158808171749115	-0.002064397558569908	-0.9998413920402527	-0.01769481785595417	-0.1158624216914177	0.01781483180820942	-0.9931055307388306
1.523718237876892	-0.3543608486652374	-0.35436078906059265	0.9715284705162048	0.4507654905319214	0.8860824182683692	2	0.11390640680398466	1	1.1174927646094346e-05	3	0.9932631850242615	0.0	-0.1158808171749115	-0.002064397558569908	-0.9998413324356079	-0.01769481785595417	-0.1158624142408371	0.01781483180820942	-0.9931054711341858
1.523718237876892	-0.27086204290390015	-0.35436078906059265	0.9714013338088989	0.45076775550842285	0.895196696517872	2	0.10479395367636232	1	9.349805765683412e-06	3	0.9932631850242615	0.0	-0.1158808171749115	-0.0020643973257392645	-0.9998412728309631	-0.01769481599330902	-0.1158624216914177	0.01781483180820942	-0.9931055307388306
1.8040919303894043	-0.4198668301105499	0.5916671752929688	0.9734292030334473	0.4449707865715027	0.8115395375376311	2	0.1884592061284945	1	1.2563338744294804e-06	3	0.7869227528572083	-0.6169921159744263	-0.008564459159970284	-0.616955578327179	-0.7869693040847778	0.006709105800837278	-0.01087943185120821	4.342291049397318e-06	-0.999940812587738
1.4412208795547485	-0.8781434893608093	0.2649255096912384	0.9743159413337708	0.4454743266105652	0.754209071884512	2	0.2457908645322809	1	6.358320706502728e-08	3	0.7869227528572083	-0.6169921159744263	-0.008564459159970284	-0.6169556379318237	-0.7869694232940674	0.006709106732159853	-0.010879432782530785	4.342757620179327e-06	-0.9999408721923828
1.7963404655456543	-0.4198668897151947	-0.12055022269487381	0.9734292030334473	0.44605541229248047	0.8178727799268896	2	0.182127007489995	1	2.1258311540961466e-07	3	0.7869227528572083	-0.6169921159744263	-0.008564459159970284	-0.6169556379318237	-0.7869693040847778	0.006709106732159853	-0.010879432782530785	4.342291504144669e-06	-0.999940812587738
1.0	1.3260416984558105	-0.3321974277496338	0.9605891704559326	0.4418445825576782	1.0	2	0.0	3	0.0	0	0.8802798390388489	0.47445473074913025	-3.990241381757187e-08	-0.00953829474747181	0.017696795985102654	-0.9997979402542114	-0.47435885667800903	0.8801019787788391	0.02010362222790718
1.523718237876892	0.3543608486652374	0.35436078906059265	0.9595101475715637	0.4401850700378418	0.9363801109510432	2	0.06361988904895678	1	0.0	12	0.8802798390388489	0.47445473074913025	-3.990241381757187e-08	-0.009538293816149235	0.017696794122457504	-0.9997978806495667	-0.47435882687568665	0.8801019191741943	0.020103618502616882
1.523718237876892	0.35436078906059265	-0.3543608486652374	0.9605891704559326	0.44016337394714355	0.9476221107808979	2	0.05237788921910212	1	0.0	12	0.8802798390388489	0.47445473074913025	-3.990241381757187e-08	-0.00953829474747181	0.017696795985102654	-0.9997979402542114	-0.47435885667800903	0.8801019787788391	0.02010362222790718
1.0	0.7294611930847168	-1.0000001192092896	0.9528554677963257	0.44575726985931396	1.0	2	0.0	12	0.0	6	0.7766221761703491	0.0	-0.6299666166305542	-0.31044578552246094	-0.8701441884040833	-0.3827172517776489	-0.5481618046760559	0.49279719591140747	-0.6757732629776001
1.523718237876892	0.35436078906059265	-0.3543608486652374	0.9527284502983093	0.4443742036819458	0.9476221107808979	2	0.05237788921910212	1	0.0	12	0.7766221761703491	0.0	-0.6299666166305542	-0.3104458153247833	-0.8701441884040833	-0.3827172815799713	-0.5481618046760559	0.49279722571372986	-0.6757732629776001
1.523718237876892	0.25849243998527527	-0.3543608486652374	0.9528554677963257	0.4443022608757019	0.9438443249940117	2	0.056106117747471325	1	4.9557258516968154e-05	3	0.7766221761703491	0.0	-0.6299666166305542	-0.3104458153247833	-0.8701441884040833	-0.3827172815799713	-0.5481618046760559	0.49279722571372986	-0.6757732629776001
1.0	-0.7643678784370422	-0.9999999403953552	0.9757906198501587	0.43769371509552	0.9110812272966319	2	0.08891636157286735	1	2.411130500791292e-06	3	0.7766221761703491	0.0	-0.6299666166305542	0.3863559067249298	-0.7898533344268799	0.4762991666793823	-0.49758124351501465	-0.6132957935333252	-0.6134176254272461
1.523718237876892	-0.3543608486652374	-0.35436078906059265	0.9760740399360657	0.43631088733673096	0.8860824182683692	2	0.11390640680398466	1	1.1174927646094346e-05	3	0.7766221761703491	0.0	-0.6299666166305542	0.3863559365272522	-0.7898533940315247	0.4762991964817047	-0.49758124351501465	-0.61329585313797	-0.6134176254272461
1.0	-1.0000001192092896	-0.9999999403953552	0.9760740399360657	0.43791377544403076	0.8867743534984763	2	0.11322486254255203	1	7.839589716201595e-07	6	0.7766221761703491	0.0	-0.6299666166305542	0.3863559365272522	-0.7898533940315247	0.4762991964817047	-0.49758124351501465	-0.61329585313797	-0.6134176254272461
1.3188079595565796	-0.04279722645878792	0.6221607327461243	0.9659973978996277	0.9419605135917664	0.9091928379597611	2	0.09080716204023892	1	0.0	12	0.5545904636383057	-0.6287257671356201	0.5450994968414307	-0.06633526086807251	-0.6863899230957031	-0.7242019772529602	0.8294752240180969	0.36547622084617615	-0.4223720133304596
1.5924365520477295	-0.1373990923166275	0.23465271294116974	0.9667297005653381	0.9427568316459656	0.8619436134171019	2	0.1370243682963493	1	0.0010320182865487728	3	0.5545904636383057	-0.6287257671356201	0.5450994968414307	-0.06633523851633072	-0.6863899230957031	-0.7242019772529602	0.8294752240180969	0.36547619104385376	-0.4223719835281372
1.6235315799713135	-0.0061847553588449955	0.35436081886291504	0.9663297533988953	0.9428086876869202	0.89486947428035	2	0.10477507014346918	1	0.00035545557618084426	3	0.5545904636383057	-0.6287257671356201	0.5450994968414307	-0.06633523851633072	-0.6863899230957031	-0.7242019772529602	0.8294752836227417	0.36547619104385376	-0.4223720133304596
1.5924365520477295	-0.1373990923166275	0.23465271294116974	0.9750235080718994	0.4374274015426636	0.8619436134171019	2	0.1370243682963493	1	0.0010320182865487728	3	0.9746113419532776	-0.22376447916030884	-0.00788968801498413	0.2236493080854416	0.9712216258049011	0.08191175013780594	-0.010666302405297756	-0.08159664273262024	0.9966083765029907
1.6323330402374268	0.06352652609348297	-0.5355230569839478	0.975243091583252	0.43623292446136475	0.9334641853358594	2	0.0665329425916933	1	2.8720724473411494e-06	3	0.9746113419532776	-0.22376447916030884	-0.00788968801498413	0.22364932298660278	0.9712216854095459	0.08191175013780594	-0.01066630519926548	-0.08159665018320084	0.9966084361076355
1.6235315799713135	-0.0061847553588449955	0.35436081886291504	0.975243091583252	0.4375922679901123	0.89486947428035	2	0.10477507014346918	1	0.00035545557618084426	3	0.9746113419532776	-0.22376447916030884	-0.00788968801498413	0.22364932298660278	0.9712216854095459	0.08191175013780594	-0.010666302405297756	-0.08159664273262024	0.9966084361076355
0.4807747006416321	-0.8779082894325256	-1.0471209287643433	0.9564618468284607	0.44693422317504883	0.9135861380548961	2	0.08641079704046407	1	3.0649046398605055e-06	3	0.0	-0.14263133704662323	-0.9897758364677429	-6.994698196649551e-06	-0.9897758960723877	0.14263135194778442	-1.0	6.923183264007093e-06	-9.976631645258749e-07
0.0	0.05225794017314911	-1.1811622381210327	0.9550307989120483	0.44766634702682495	0.999257412122813	2	0.000742440483753614	3	1.473934333705462e-07	6	0.0	-0.14263133704662323	-0.9897758364677429	-6.994699106144253e-06	-0.9897759556770325	0.14263135194778442	-1.0	6.923184173501795e-06	-9.976632782127126e-07
0.5	0.05225794017314911	-1.1811622381210327	0.9550307989120483	0.4469049572944641	0.998353232564591	2	0.0016463658663386346	1	4.015690703595988e-07	3	0.0	-0.14263133704662323	-0.9897758364677429	-6.994698196649551e-06	-0.9897758960723877	0.14263135194778442	-1.0	6.923183264007093e-06	-9.976631645258749e-07
0.6415464878082275	-0.030125200748443604	1.1033599376678467	0.9454547762870789	0.9692956805229187	0.9390255865108895	2	0.06097441348911048	1	0.0	9	0.5642144083976746	0.24776138365268707	0.7875762581825256	0.7477666139602661	-0.5577403903007507	-0.3602370619773865	0.3500102758407593	0.7921742796897888	-0.49995291233062744
1.0	-0.7643676996231079	1.0775494575500488	0.9469908475875854	0.9683042764663696	0.8421520724469497	2	0.15784792755305033	1	0.0	9	0.5642144083976746	0.24776138365268707	0.7875762581825256	0.7477666139602661	-0.5577403903007507	-0.3602370619773865	0.3500102758407593	0.7921742796897888	-0.49995291233062744
1.3188079595565796	-0.04279722645878792	0.6221607327461243	0.9469908475875854	0.9703414440155029	0.9091928379597611	2	0.09080716204023892	1	0.0	12	0.5642144083976746	0.24776138365268707	0.7875762581825256	0.7477666139602661	-0.5577403903007507	-0.3602370619773865	0.3500102460384369	0.792174220085144	-0.49995285272598267
1.0	0.7294613122940063	0.9999999403953552	0.9654568433761597	0.4490509629249573	0.9743240225062655	2	0.02567597749373448	1	0.0	9	0.0	-0.9327227473258972	0.3605945408344269	-1.598880407982506e-05	0.3605945110321045	0.9327226877212524	-1.0	-5.765475179941859e-06	-1.4913119230186567e-05
0.6002365350723267	0.8682557940483093	1.3590091466903687	0.9660429954528809	0.44965970516204834	1.0	2	0.0	9	0.0	3	0.0	-0.9327227473258972	0.3605945408344269	-1.5988802260835655e-05	0.3605945408344269	0.9327226281166077	-1.0	-5.765475179941859e-06	-1.4913119230186567e-05
0.4999999701976776	0.7294613122940063	0.9999999403953552	0.9654568433761597	0.4498123526573181	0.9941558598363992	2	0.005844140163600825	1	0.0	9	0.0	-0.9327227473258972	0.3605945408344269	-1.598880407982506e-05	0.3605945110321045	0.9327227473258972	-1.0	-5.765475179941859e-06	-1.4913119230186567e-05
0.0	0.7294611930847168	-1.0000001192092896	0.9573462605476379	0.44206953048706055	1.0	2	0.0	12	0.0	6	-0.7329291105270386	0.6156585216522217	-0.28944700956344604	0.4993176758289337	0.7757964134216309	0.38577431440353394	0.4620571732521057	0.1382192224264145	-0.876012921333313
0.9443753957748413	1.4540879726409912	-1.8500264883041382	0.9584218263626099	0.44402003288269043	1.0	2	0.0	12	0.0	6	-0.7329291105270386	0.6156585216522217	-0.28944700956344604	0.4993176758289337	0.7757964134216309	0.38577428460121155	0.46205711364746094	0.1382191926240921	-0.876012921333313
0.9443753957748413	1.4419236183166504	-1.8759002685546875	0.9583922624588013	0.44405198097229004	1.0	2	0.0	12	0.0	6	-0.7329291105270386	0.6156585216522217	-0.28944700956344604	0.4993176758289337	0.7757964134216309	0.38577425479888916	0.46205711364746094	0.13821916282176971	-0.876012921333313
1.5924365520477295	0.12509264051914215	0.23465268313884735	0.9761532545089722	0.4371323585510254	0.9181375792816191	2	0.08186242071838085	1	0.0	12	0.9578977227210999	0.2871096730232239	-2.414639155290388e-08	-0.2871096730232239	0.9578977227210999	3.788655885728076e-05	1.0900726920226589e-05	-3.6284513043938205e-05	1.0
1.523718237876892	0.35436078906059265	-0.3543608486652374	0.9765176773071289	0.4362354278564453	0.9476221107808979	2	0.05237788921910212	1	0.0	12	0.9578977227210999	0.2871096730232239	-2.414639155290388e-08	-0.2871096730232239	0.9578977227210999	3.788656249525957e-05	1.090072782972129e-05	-3.628451668191701e-05	1.0
1.523718237876892	0.3543608486652374	0.35436078906059265	0.9765176773071289	0.43731462955474854	0.9363801109510432	2	0.06361988904895678	1	0.0	12	0.9578977227210999	0.2871096730232239	-2.414639155290388e-08	-0.2871096730232239	0.9578977823257446	3.788655885728076e-05	1.0900726920226589e-05	-3.6284513043938205e-05	1.0
-0.006847407203167677	-0.9494541883468628	1.546185851097107	0.058667492121458054	0.42146265506744385	0.7079386461323954	2	0.2920613538676045	1	0.0	12	0.1271820068359375	-0.46607911586761475	-0.8755541443824768	0.9618949890136719	0.2733578383922577	-0.005791348870843649	0.2420388162136078	-0.8414546251296997	0.48308536410331726
0.6619793176651001	-0.9636760950088501	1.6509095430374146	0.060093071311712265	0.42196357250213623	0.8028056705396822	2	0.19719432946031784	1	0.0	12	0.1271820068359375	-0.46607911586761475	-0.8755541443824768	0.9618949890136719	0.2733578383922577	-0.005791348870843649	0.2420388162136078	-0.8414546251296997	0.48308536410331726
0.0	-1.1443146467208862	1.6509095430374146	0.05856197699904442	0.4219452142715454	0.7189819915239914	2	0.28101800847600855	1	0.0	12	0.1271820068359375	-0.46607911586761475	-0.8755541443824768	0.9618950486183167	0.2733578681945801	-0.005791355390101671	0.2420388162136078	-0.8414545655250549	0.4830853343009949
1.0	0.05225794017314911	-1.1811622381210327	0.9621673226356506	0.4319835305213928	0.9809832977908111	2	0.019016702196887014	1	1.230197931843538e-11	3	0.4859330952167511	0.7246873378753662	-0.4885665774345398	-0.7658087611198425	0.08364905416965485	-0.6376047730445862	-0.42119598388671875	0.6839818358421326	0.5956197381019592
1.523718237876892	0.25849243998527527	-0.3543608486652374	0.9607800245285034	0.4326122999191284	0.9438443249940117	2	0.056106117747471325	1	4.9557258516968154e-05	3	0.4859330952167511	0.7246873378753662	-0.4885665774345398	-0.765808641910553	0.08364909142255783	-0.6376047730445862	-0.421195924282074	0.6839818358421326	0.5956197381019592
1.6323330402374268	0.06352652609348297	-0.5355230569839478	0.9608044624328613	0.43217527866363525	0.9334641853358594	2	0.0665329425916933	1	2.8720724473411494e-06	3	0.4859330952167511	0.7246873378753662	-0.4885665774345398	-0.7658088207244873	0.08364907652139664	-0.6376047730445862	-0.421195924282074	0.6839817762374878	0.5956197381019592
0.5874026417732239	-0.7944703102111816	1.299903154373169	0.9734870195388794	0.4486795663833618	0.8333438916387437	2	0.1666561083612563	1	0.0	9	0.343838632106781	0.5548335313796997	0.7575848698616028	-0.029225489124655724	0.8127071261405945	-0.581939160823822	-0.9385738372802734	0.1779523640871048	0.29565536975860596
1.1816526651382446	-1.1872090101242065	1.317826509475708	0.9729586839675903	0.4477319121360779	0.7116865734288836	2	0.2883134265630481	1	8.068224508123706e-12	3	0.343838632106781	0.5548335313796997	0.7575848698616028	-0.029225477948784828	0.8127070665359497	-0.5819391012191772	-0.9385738968849182	0.1779523640871048	0.29565533995628357
1.1816526651382446	-0.9071601033210754	1.1127266883850098	0.9734870195388794	0.4477154612541199	0.7856286527892657	2	0.21437122824243074	1	1.1896830346672885e-07	3	0.343838632106781	0.5548335313796997	0.7575848698616028	-0.029225466772913933	0.8127070665359497	-0.5819391012191772	-0.9385738968849182	0.177952378988266	0.29565533995628357
1.1816526651382446	-0.9071601033210754	1.1127266883850098	0.9748238921165466	0.4442523717880249	0.7856286527892657	2	0.21437122824243074	1	1.1896830346672885e-07	3	0.0652361512184143	0.68875652551651	0.7220517992973328	-0.886044979095459	0.37281012535095215	-0.275566428899765	-0.45898640155792236	-0.6217935085296631	0.6345899701118469
1.8040919303894043	-0.4198668301105499	0.5916671752929688	0.9744791388511658	0.4428523778915405	0.8115395375376311	2	0.1884592061284945	1	1.2563338744294804e-06	3	0.0652361512184143	0.68875652551651	0.7220517992973328	-0.886044979095459	0.37281012535095215	-0.275566428899765	-0.45898640155792236	-0.6217935085296631	0.6345899701118469
1.7314659357070923	-0.1620768904685974	0.35232609510421753	0.9748238921165466	0.44242775440216064	0.835714972327176	2	0.15649547756261376	1	0.007789550110210246	3	0.0652361512184143	0.68875652551651	0.7220517992973328	-0.886044979095459	0.37281012535095215	-0.275566428899765	-0.45898640155792236	-0.6217935085296631	0.6345899701118469
0.6002365350723267	0.8682557940483093	1.3590091466903687	0.9654350280761719	0.4360017776489258	1.0	2	0.0	9	0.0	3	0.0	0.0	1.0	-1.0	0.0	0.0	0.0	-1.0	0.0
1.1816526651382446	1.1897910833358765	1.3590091466903687	0.9645496606826782	0.4355121850967407	0.9977500691043432	2	0.0022499308956568003	1	0.0	9	0.0	0.0	1.0	-1.0	0.0	0.0	0.0	-1.0	0.0
0.6002365350723267	1.1897910833358765	1.3590091466903687	0.9654350280761719	0.4355121850967407	1.0	2	0.0	9	0.0	3	0.0	0.0	1.0	-1.0	0.0	0.0	0.0	-1.0	0.0
1.1816526651382446	0.8682557940483093	1.3590091466903687	0.9737229943275452	0.43578553199768066	0.9880645477811282	2	0.011935452218871847	1	0.0	9	0.7766220569610596	0.0	0.6299667954444885	0.38643670082092285	0.7897539734840393	-0.4763985276222229	-0.49751877784729004	0.6134238839149475	0.6133403182029724
1.8040919303894043	0.42244887351989746	0.5916670560836792	0.9741097092628479	0.4341808557510376	0.9389033709439829	2	0.061096629056017114	1	0.0	12	0.7766220569610596	0.0	0.6299667954444885	0.38643667101860046	0.7897539138793945	-0.4763984978199005	-0.49751874804496765	0.6134238243103027	0.6133403182029724
1.1816526651382446	1.1897910833358765	1.3590091466903687	0.9741097092628479	0.43608587980270386	0.9977500691043432	2	0.0022499308956568003	1	0.0	9	0.7766220569610596	0.0	0.6299667954444885	0.3864366412162781	0.7897539138793945	-0.4763984680175781	-0.49751874804496765	0.6134238243103027	0.6133403182029724
0.0	1.0000001192092896	0.9999999403953552	0.9741525053977966	0.4277159571647644	1.0	2	0.0	9	0.0	3	-0.9998610019683838	0.0	0.016672737896442413	0.006011528428643942	-0.9327358603477478	0.3605102598667145	0.01555126067250967	0.3605603873729706	0.9326062202453613
0.005986498668789864	0.8682557940483093	1.3590091466903687	0.9745367765426636	0.4281536340713501	1.0	2	0.0	9	0.0	3	-0.9998610019683838	0.0	0.016672737896442413	0.006011528894305229	-0.9327359199523926	0.36051028966903687	0.015551259741187096	0.3605603873729706	0.9326061606407166
0.005986498668789864	1.1897910833358765	1.3590091466903687	0.9740800857543945	0.4283301830291748	1.0	2	0.0	9	0.0	3	-0.9998610019683838	0.0	0.016672737896442413	0.006011528428643942	-0.9327358603477478	0.3605102598667145	0.01555126067250967	0.3605603873729706	0.9326062202453613
0.0	-0.9999999403953552	1.0000001192092896	0.9626215696334839	0.445370614528656	0.529387558691926	1	0.47061244130807395	2	0.0	9	-0.9998086094856262	0.013851448893547058	-0.013816231861710548	-0.0037317927926778793	-0.8282642960548401	-0.5603251457214355	-0.01920480653643608	-0.5601663589477539	0.8281574249267578
-0.006847407203167677	-0.9494541883468628	1.546185851097107	0.9620918035507202	0.44601643085479736	0.7079386461323954	2	0.2920613538676045	1	0.0	12	-0.9998086094856262	0.013851448893547058	-0.013816231861710548	-0.0037317932583391666	-0.8282643556594849	-0.5603251457214355	-0.01920480653643608	-0.5601663589477539	0.8281574845314026
0.0	-0.43288952112197876	1.5685560703277588	0.9614211320877075	0.4456038475036621	0.8070530080292305	2	0.19294699197076942	1	0.0	9	-0.9998086094856262	0.013851448893547058	-0.013816231861710548	-0.003731793724000454	-0.8282642960548401	-0.5603250861167908	-0.01920480839908123	-0.5601663589477539	0.8281575441360474
1.523718237876892	0.3543608486652374	0.35436078906059265	0.9752336144447327	0.42881131172180176	0.9363801109510432	2	0.06361988904895678	1	0.0	12	-0.23805774748325348	0.9712475538253784	0.002590874442830682	0.9711890816688538	0.23807184398174286	-0.010657502338290215	-0.010967887006700039	-2.0872103050351143e-05	-0.9999398589134216
1.7963404655456543	0.4224488139152527	-0.12055029720067978	0.9756691455841064	0.42952990531921387	0.9268459379857157	2	0.07315406201428433	1	0.0	12	-0.23805774748325348	0.9712475538253784	0.002590874442830682	0.9711890816688538	0.23807184398174286	-0.01065750140696764	-0.010967886075377464	-2.087187021970749e-05	-0.9999398589134216
1.5159666538238525	0.35436078906059265	-0.3578565716743469	0.9752336144447327	0.42989593744277954	0.9250350882662498	2	0.07496491173375022	1	0.0	12	-0.23805774748325348	0.9712475538253784	0.002590874442830682	0.9711890816688538	0.23807184398174286	-0.01065750140696764	-0.010967886075377464	-2.087187021970749e-05	-0.9999398589134216
0.4999999701976776	1.0000001192092896	0.9999999403953552	0.9709572196006775	0.4317741394042969	1.0	2	0.0	9	0.0	3	0.0	0.8840654492378235	-0.46736299991607666	-1.3424237295112107e-05	0.46736302971839905	0.8840655088424683	1.0	6.273991857597139e-06	1.1867904504470062e-05
0.005986498668789864	1.1897910833358765	1.3590091466903687	0.9715755581855774	0.43102186918258667	1.0	2	0.0	9	0.0	3	0.0	0.8840654492378235	-0.46736299991607666	-1.3424238204606809e-05	0.46736305952072144	0.884065568447113	1.0	6.27399231234449e-06	1.1867905413964763e-05
0.6002365350723267	1.1897910833358765	1.3590091466903687	0.9715755581855774	0.43192678689956665	1.0	2	0.0	9	0.0	3	0.0	0.8840654492378235	-0.46736299991607666	-1.3424237295112107e-05	0.46736302971839905	0.8840655088424683	1.0	6.273991857597139e-06	1.1867904504470062e-05
1.0	-0.7643676996231079	1.0775494575500488	0.9750919938087463	0.4398932456970215	0.8421520724469497	2	0.15784792755305033	1	0.0	9	-0.24155470728874207	0.8522035479545593	0.46411269903182983	-0.8369671106338501	0.0590592660009861	-0.5440571904182434	-0.4910575747489929	-0.5198665261268616	0.6990001797676086
1.7314659357070923	-0.1620768904685974	0.35232609510421753	0.9748150706291199	0.4380974769592285	0.835714972327176	2	0.15649547756261376	1	0.007789550110210246	3	-0.24155470728874207	0.8522035479545593	0.46411269903182983	-0.8369670510292053	0.05905924737453461	-0.5440571308135986	-0.4910575747489929	-0.5198665857315063	0.6990002393722534
1.5924365520477295	-0.1373990923166275	0.23465271294116974	0.9750919938087463	0.4380566477775574	0.8619436134171019	2	0.1370243682963493	1	0.0010320182865487728	3	-0.24155470728874207	0.8522035479545593	0.46411269903182983	-0.8369670510292053	0.05905928090214729	-0.5440571904182434	-0.4910576343536377	-0.5198665857315063	0.6990001797676086
0.5874026417732239	-1.3475497961044312	1.5050029754638672	0.9672812819480896	0.44848906993865967	0.6473681749311239	2	0.35243921649560656	1	0.00019260857326954784	3	0.0	-0.995302677154541	-0.09681301563978195	-0.8324913382530212	0.053638093173503876	-0.5514355301856995	0.5540381073951721	0.08059599250555038	-0.8285808563232422
0.43240219354629517	-1.3074437379837036	1.0926858186721802	0.967827320098877	0.4488834738731384	0.5477211158333817	2	0.45142506619859535	1	0.000853817968022942	3	0.0	-0.995302677154541	-0.09681301563978195	-0.832491397857666	0.05363810062408447	-0.5514355897903442	0.5540381073951721	0.08059598505496979	-0.8285807967185974
0.7648636698722839	-1.3074437379837036	1.0926858186721802	0.9674058556556702	0.4491639733314514	0.5531889597633032	2	0.4468110402366968	1	1.7867954920666053e-18	3	0.0	-0.995302677154541	-0.09681301563978195	-0.8324913382530212	0.053638093173503876	-0.5514355301856995	0.5540381073951721	0.08059599250555038	-0.8285808563232422
1.0	0.7294613122940063	0.9999999403953552	0.9734292030334473	0.44438183307647705	0.9743240225062655	2	0.02567597749373448	1	0.0	9	-0.2633778154850006	-0.8474688529968262	0.46089988946914673	0.8750293850898743	-0.008722200058400631	0.48399126529693604	-0.40614745020866394	0.5307735204696655	0.7438573837280273
1.7314659357070923	0.1498945653438568	0.35232609510421753	0.9739340543746948	0.44272732734680176	0.9266651475594984	2	0.07333485244050161	1	0.0	12	-0.2633778154850006	-0.8474688529968262	0.46089988946914673	0.8750293254852295	-0.008722199127078056	0.48399126529693604	-0.40614745020866394	0.5307734608650208	0.7438573837280273
1.1816526651382446	0.8682557940483093	1.3590091466903687	0.9739340543746948	0.4447883367538452	0.9880645477811282	2	0.011935452218871847	1	0.0	9	-0.2633778154850006	-0.8474688529968262	0.46089988946914673	0.8750293850898743	-0.008722175844013691	0.4839913249015808	-0.4061475396156311	0.5307735204696655	0.7438573241233826
1.0	0.05225794017314911	-1.1811622381210327	0.9653776288032532	0.4464457035064697	0.9809832977908111	2	0.019016702196887014	1	1.230197931843538e-11	3	0.8152220249176025	-0.12543030083179474	-0.5654026865959167	-0.5791484713554382	-0.17657092213630676	-0.7958704233169556	-7.405876203847583e-06	0.9762632250785828	-0.21658727526664734
1.523718237876892	-0.27086204290390015	-0.35436078906059265	0.9640005826950073	0.44569265842437744	0.895196696517872	2	0.10479395367636232	1	9.349805765683412e-06	3	0.8152220249176025	-0.12543030083179474	-0.5654026865959167	-0.5791484713554382	-0.17657090723514557	-0.7958704233169556	-7.3984256232506596e-06	0.9762632250785828	-0.21658726036548615
1.0	-0.7643678784370422	-0.9999999403953552	0.9653776288032532	0.44517195224761963	0.9110812272966319	2	0.08891636157286735	1	2.411130500791292e-06	3	0.8152220249176025	-0.12543030083179474	-0.5654026865959167	-0.5791484713554382	-0.17657092213630676	-0.7958704233169556	-7.405876203847583e-06	0.9762632250785828	-0.21658727526664734
0.6415464878082275	-0.030125200748443604	1.1033599376678467	0.9414278268814087	0.9706755876541138	0.9390255865108895	2	0.06097441348911048	1	0.0	9	0.0	0.1348314732313156	0.9908685684204102	2.1167334125493653e-05	0.9908685684204102	-0.1348314732313156	-1.0	2.0974046492483467e-05	-2.8540227958728792e-06
1.0	0.7294613122940063	0.9999999403953552	0.943142294883728	0.9698739051818848	0.9743240225062655	2	0.02567597749373448	1	0.0	9	0.0	0.1348314732313156	0.9908685684204102	2.1167335944483057e-05	0.9908686280250549	-0.1348314881324768	-1.0	2.0974046492483467e-05	-2.8540227958728792e-06
0.4999999701976776	0.7294613122940063	0.9999999403953552	0.943142294883728	0.9709922075271606	0.9941558598363992	2	0.005844140163600825	1	0.0	9	0.0	0.1348314732313156	0.9908685684204102	2.1167335944483057e-05	0.9908686280250549	-0.1348314881324768	-1.0	2.0974046492483467e-05	-2.8540227958728792e-06
0.5	0.05225794017314911	-1.1811622381210327	0.9741209149360657	0.43242180347442627	0.998353232564591	2	0.0016463658663386346	1	4.015690703595988e-07	3	0.0	0.25842782855033875	-0.9660306572914124	-1.0	0.0	0.0	0.0	0.9660306572914124	0.25842782855033875
0.0	0.7294611930847168	-1.0000001192092896	0.9748823046684265	0.43348926305770874	1.0	2	0.0	12	0.0	6	0.0	0.25842782855033875	-0.9660306572914124	-1.0	0.0	0.0	0.0	0.9660306572914124	0.25842782855033875
0.5	0.7294611930847168	-1.0000001192092896	0.9741209149360657	0.43348926305770874	1.0	2	0.0	12	0.0	6	0.0	0.25842782855033875	-0.9660306572914124	-1.0	0.0	0.0	0.0	0.9660306572914124	0.25842782855033875
1.5924365520477295	0.12509264051914215	0.23465268313884735	0.9759605526924133	0.42636293172836304	0.9181375792816191	2	0.08186242071838085	1	0.0	12	0.8762689828872681	0.4817729890346527	0.006880464963614941	0.48115602135658264	-0.874217689037323	-0.0650574341416359	-0.0253278911113739	0.06031838804483414	-0.9978578090667725
1.6323330402374268	0.06352652609348297	-0.5355230569839478	0.9761542081832886	0.4275274872779846	0.9334641853358594	2	0.0665329425916933	1	2.8720724473411494e-06	3	0.8762689828872681	0.4817729890346527	0.006880464963614941	0.48115599155426025	-0.8742176294326782	-0.0650574266910553	-0.025327887386083603	0.06031838059425354	-0.9978578090667725
1.523718237876892	0.25849243998527527	-0.3543608486652374	0.9757973551750183	0.4272739887237549	0.9438443249940117	2	0.056106117747471325	1	4.9557258516968154e-05	3	0.8762689828872681	0.4817729890346527	0.006880464963614941	0.48115599155426025	-0.8742176294326782	-0.0650574341416359	-0.0253278911113739	0.06031838804483414	-0.9978578090667725
1.3188079595565796	-0.04279722645878792	0.6221607327461243	0.9650734663009644	0.9452762007713318	0.9091928379597611	2	0.09080716204023892	1	0.0	12	0.806799054145813	0.04482993111014366	0.5891227126121521	0.281957745552063	0.8470325469970703	-0.45059484243392944	-0.5192062258720398	0.529647171497345	0.6707448959350586
1.5924365520477295	0.12509264051914215	0.23465268313884735	0.9659545421600342	0.9445760250091553	0.9181375792816191	2	0.08186242071838085	1	0.0	12	0.806799054145813	0.04482993111014366	0.5891227126121521	0.281957745552063	0.8470325469970703	-0.45059484243392944	-0.5192062258720398	0.529647171497345	0.6707448959350586
1.0	0.7294613122940063	0.9999999403953552	0.9659545421600342	0.9471279978752136	0.9743240225062655	2	0.02567597749373448	1	0.0	9	0.806799054145813	0.04482993111014366	0.5891227126121521	0.281957745552063	0.8470326066017151	-0.45059484243392944	-0.5192062258720398	0.5296472311019897	0.6707449555397034
1.588592767715454	0.12509261071681976	-0.11851552873849869	0.968935489654541	0.4502902030944824	0.9235552171205367	2	0.07644478287946337	1	0.0	12	0.6244402527809143	-0.4406776428222656	-0.6448857188224792	0.16264115273952484	0.8809034824371338	-0.4444737434387207	0.7639517784118652	0.17266233265399933	0.62174391746521
1.7963404655456543	0.4224488139152527	-0.12055029720067978	0.9693871736526489	0.45060813426971436	0.9268459379857157	2	0.07315406201428433	1	0.0	12	0.6244402527809143	-0.4406776428222656	-0.6448857188224792	0.16264115273952484	0.8809034824371338	-0.4444737136363983	0.7639517784118652	0.17266230285167694	0.62174391746521
1.727622151374817	0.14989453554153442	-0.000842129869852215	0.9689235091209412	0.45056986808776855	0.9235152670711199	2	0.07648473292888017	1	0.0	12	0.6244402527809143	-0.4406776428222656	-0.6448857188224792	0.16264116764068604	0.8809035420417786	-0.4444737434387207	0.7639517784118652	0.17266233265399933	0.6217439770698547
1.588592767715454	-0.1373991221189499	-0.1185155063867569	0.9647371768951416	0.4503861665725708	0.8298493204286486	2	0.17013488310940608	1	1.5796461945342722e-05	3	0.6318346858024597	0.46914246678352356	-0.6170011162757874	0.19005878269672394	-0.8654958009719849	-0.4634596109390259	-0.7514404058456421	0.17556335031986237	-0.6360148191452026
1.7963404655456543	-0.4198668897151947	-0.12055022269487381	0.9651710391044617	0.4500749111175537	0.8178727799268896	2	0.182127007489995	1	2.1258311540961466e-07	3	0.6318346858024597	0.46914246678352356	-0.6170011162757874	0.19005878269672394	-0.8654957413673401	-0.4634595811367035	-0.7514404654502869	0.17556335031986237	-0.6360148787498474
1.5159666538238525	-0.3543608486652374	-0.35785651206970215	0.9651710391044617	0.45064306259155273	0.8168025537607408	2	0.183191543259691	1	5.9029795681724056e-06	3	0.6318346858024597	0.46914246678352356	-0.6170011162757874	0.19005875289440155	-0.8654956817626953	-0.4634595513343811	-0.7514404058456421	0.17556336522102356	-0.6360148191452026
1.7314659357070923	0.1498945653438568	0.35232609510421753	0.9677097797393799	0.44960880279541016	0.9266651475594984	2	0.07333485244050161	1	0.0	12	0.968494176864624	-0.2488129585981369	-0.010540650226175785	-0.24879911541938782	-0.9685515761375427	0.0026273427065461874	-0.010862880386412144	7.793842814862728e-05	-0.9999409914016724
1.7963404655456543	0.4224488139152527	-0.12055029720067978	0.9672812819480896	0.4503278136253357	0.9268459379857157	2	0.07315406201428433	1	0.0	12	0.968494176864624	-0.2488129585981369	-0.010540650226175785	-0.24879910051822662	-0.9685515761375427	0.0026273424737155437	-0.010862880386412144	7.793842814862728e-05	-0.9999409914016724
1.8040919303894043	0.42244887351989746	0.5916670560836792	0.9672812819480896	0.4492431879043579	0.9389033709439829	2	0.061096629056017114	1	0.0	12	0.968494176864624	-0.2488129585981369	-0.010540650226175785	-0.24879910051822662	-0.968551516532898	0.0026273427065461874	-0.010862880386412144	7.793842814862728e-05	-0.9999410510063171
1.523718237876892	-0.35436078906059265	0.3543608486652374	0.9762783646583557	0.42844533920288086	0.7791824065162262	2	0.19255195408063525	1	0.02826563940313856	3	-0.9516145586967468	0.30711954832077026	0.010357087478041649	0.307101845741272	0.9516710042953491	-0.0033007061574608088	-0.01087025087326765	3.9680631743976846e-05	-0.9999409317970276
1.588592767715454	-0.1373991221189499	-0.1185155063867569	0.9766255617141724	0.4291642904281616	0.8298493204286486	2	0.17013488310940608	1	1.5796461945342722e-05	3	-0.9516145586967468	0.30711954832077026	0.010357087478041649	0.3071018159389496	0.9516708850860596	-0.0033007056917995214	-0.01087025087326765	3.968086093664169e-05	-0.9999409317970276
1.5159666538238525	-0.3543608486652374	-0.35785651206970215	0.9762783646583557	0.42952990531921387	0.8168025537607408	2	0.183191543259691	1	5.9029795681724056e-06	3	-0.9516145586967468	0.30711954832077026	0.010357087478041649	0.3071018159389496	0.9516709446907043	-0.0033007056917995214	-0.01087025087326765	3.9680631743976846e-05	-0.9999409914016724
1.7314659357070923	-0.1620768904685974	0.35232609510421753	0.9760101437568665	0.4327874183654785	0.835714972327176	2	0.15649547756261376	1	0.007789550110210246	3	0.9649810791015625	0.2621091902256012	-0.010502594523131847	0.26209163665771484	-0.9650382399559021	-0.003037154907360673	-0.010931472294032574	0.00017815479077398777	-0.9999402761459351
1.7963404655456543	-0.4198668897151947	-0.12055022269487381	0.9764169454574585	0.4335063695907593	0.8178727799268896	2	0.182127007489995	1	2.1258311540961466e-07	3	0.9649810791015625	0.2621091902256012	-0.010502594523131847	0.26209163665771484	-0.9650382399559021	-0.003037154907360673	-0.010931472294032574	0.00017815479077398777	-0.9999402761459351
1.727622151374817	-0.1620769202709198	-0.0008421026286669075	0.9760101437568665	0.43332529067993164	0.8342227754027187	2	0.1657146862432937	1	6.253835398763394e-05	3	0.9649810791015625	0.2621091902256012	-0.010502594523131847	0.26209163665771484	-0.9650382399559021	-0.0030371553730219603	-0.010931472294032574	0.00017815525643527508	-0.9999402761459351
0.4999999701976776	-0.9999999403953552	1.0	0.9765833020210266	0.4269295930862427	0.7363239668612979	1	0.26256303539667325	2	0.0011129977420289	3	-2.107787366867342e-07	0.4707798361778259	-0.8822507858276367	-0.00015033311501611024	0.8822507858276367	0.47077980637550354	1.0	0.00013273072545416653	7.058783376123756e-05
0.4362330436706543	-1.2027069330215454	0.8918330669403076	0.9762334227561951	0.4268324375152588	0.4863000888669224	1	0.4763193145018015	2	0.03738059663127613	3	-2.107787366867342e-07	0.4707798361778259	-0.8822507858276367	-0.00015033311501611024	0.8822507262229919	0.47077977657318115	1.0	0.00013273074000608176	7.058784103719518e-05
0.0	-0.9999999403953552	1.0000001192092896	0.9765833020210266	0.42616820335388184	0.529387558691926	1	0.47061244130807395	2	0.0	9	-2.107787366867342e-07	0.4707798361778259	-0.8822507858276367	-0.00015033311501611024	0.8822507858276367	0.4707798361778259	1.0	0.00013273074000608176	7.058784103719518e-05
1.523718237876892	0.3543608486652374	0.35436078906059265	0.9764195084571838	0.4380566477775574	0.9363801109510432	2	0.06361988904895678	1	0.0	12	-0.9563382267951965	-0.29207682609558105	0.01040854211896658	-0.292059063911438	0.9563948512077332	0.0032209819182753563	-0.010895450599491596	4.0439190343022346e-05	-0.9999406337738037
1.588592767715454	0.12509261071681976	-0.11851552873849869	0.9760544896125793	0.4387756586074829	0.9235552171205367	2	0.07644478287946337	1	0.0	12	-0.9563382267951965	-0.29207682609558105	0.01040854211896658	-0.292059063911438	0.9563949108123779	0.0032209816854447126	-0.01089545153081417	4.043895751237869e-05	-0.9999406933784485
1.5924365520477295	0.12509264051914215	0.23465268313884735	0.9760544896125793	0.4382377862930298	0.9181375792816191	2	0.08186242071838085	1	0.0	12	-0.9563382267951965	-0.29207682609558105	0.01040854211896658	-0.2920590341091156	0.9563948512077332	0.0032209816854447126	-0.010895449668169022	4.0439190343022346e-05	-0.9999406337738037
1.727622151374817	0.14989453554153442	-0.000842129869852215	0.9763030409812927	0.43018895387649536	0.9235152670711199	2	0.07648473292888017	1	0.0	12	0.1772022247314453	-0.9841726422309875	-0.001928536337800324	-0.984114408493042	-0.17721271514892578	0.010699035599827766	-0.010871458798646927	2.0073496216355124e-06	-0.9999409317970276
